16
11 14 10 3 1 5 10 15 12 6 12 16 4 7 5 11
18
12 4 5 14 16 12 9 9 10 11 9 7 3 7 18 9 15 8
14
7 5 6 6 7 5 9 9 4 2 14 2 3 11
20
8 18 18 18 14 10 4 10 20 8 20 11 15 7 10 7 7 12 16 17
18
16 3 11 12 16 11 12 12 15 8 5 8 9 4 11 1 11 2
8
7 4 2 5 1 4 5 3
4
2 3 4 1
14
9 7 7 5 10 14 5 6 11 13 6 2 1 12
6
4 3 4 5 3 4
10
9 3 10 3 4 10 6 10 10 8
20
17 13 15 13 18 13 8 13 3 18 17 8 11 5 4 10 5 2 4 6
8
7 4 7 5 7 8 6 5
6
2 1 5 1 4 1
12
11 12 4 10 2 12 5 12 8 7 10 8
20
20 15 6 16 2 1 9 14 5 3 5 13 17 16 9 4 7 19 7 7
16
9 6 16 14 13 7 1 9 14 7 2 10 12 11 10 14
4
4 4 1 1
16
12 7 14 2 9 13 10 15 12 13 12 8 3 2 8 11
20
19 1 12 18 19 14 3 13 1 12 20 13 16 7 20 19 12 14 4 3
14
9 14 14 3 6 5 10 2 10 7 4 14 4 4
16
5 16 14 13 11 1 1 13 16 6 8 4 16 2 4 12
8
6 4 1 7 6 1 1 2
8
5 1 4 2 3 4 2 4
4
3 3 2 2
16
9 9 16 1 7 11 13 14 16 3 14 1 12 4 5 4
12
2 6 5 2 1 11 8 7 5 7 1 2
10
9 4 9 10 1 8 1 3 3 4
10
4 3 10 7 2 4 1 4 2 3
10
2 10 6 8 10 2 9 2 1 2
6
4 5 6 1 3 3
16
6 11 15 10 13 14 9 11 4 7 3 7 14 4 12 14
8
8 4 5 1 7 5 5 3
8
5 6 1 7 4 2 3 2
2
2 1
4
3 1 1 2
4
4 3 2 2
4
4 3 4 2
8
2 4 8 3 1 4 3 7
6
5 1 6 5 4 1
10
6 6 4 8 9 4 8 1 1 5
14
6 8 14 5 4 3 8 6 6 8 4 13 12 1
4
3 1 4 2
20
18 12 7 8 14 9 12 7 6 9 19 20 10 8 9 13 19 4 9 19
18
9 4 18 15 12 13 17 2 10 18 5 17 18 13 4 17 12 1
10
6 1 10 3 1 3 3 6 3 2
4
3 4 1 1
4
3 4 1 2
20
20 6 20 8 3 10 9 10 20 18 4 11 12 17 8 14 20 11 10 14
6
5 3 5 5 3 4
4
2 4 2 2

