500 808
68 130
171 355
63 72
430 149
15 68
245 81
433 451
189 420
248 325
237 451
48 251
429 305
456 196
68 64
223 382
202 350
17 91
152 383
315 34
35 382
427 276
451 412
490 116
433 111
265 107
437 41
315 413
2 409
498 128
366 14
432 269
68 427
232 13
110 314
323 195
197 380
179 153
436 416
134 141
278 408
380 87
384 197
229 391
339 174
142 109
296 102
429 439
418 195
145 264
171 283
186 347
451 419
169 438
123 420
237 300
239 195
388 74
414 128
362 80
214 314
197 365
93 61
236 427
368 156
248 418
29 233
138 67
232 87
267 450
326 179
471 169
489 399
239 310
288 490
488 376
237 24
437 482
384 112
162 141
344 499
483 221
495 291
2 351
18 262
248 286
406 396
425 168
49 82
169 76
161 341
110 461
239 139
139 191
226 194
374 91
433 97
134 53
368 266
111 383
225 489
251 57
495 477
320 364
355 398
62 376
301 285
147 206
187 275
448 81
78 401
69 171
17 88
242 378
142 278
310 360
366 45
251 190
239 82
181 244
291 199
487 430
80 300
169 316
498 404
82 254
402 13
490 393
60 299
464 253
319 485
7 81
462 453
274 361
148 246
113 182
471 201
202 130
309 88
354 48
398 484
373 281
83 58
375 369
292 3
270 79
221 314
429 30
77 361
38 294
495 254
267 5
155 83
93 456
60 440
160 210
339 408
0 446
451 465
455 122
283 126
56 182
354 255
46 50
462 164
429 317
464 276
483 238
343 194
62 431
162 163
180 167
8 118
495 402
82 252
294 217
459 481
11 391
375 316
220 293
35 58
10 19
374 230
352 277
170 133
32 307
413 146
288 254
416 452
56 63
372 13
339 398
185 238
336 199
379 79
2 34
136 64
213 289
424 219
339 124
342 293
60 113
151 73
147 457
498 23
342 310
384 221
213 430
94 185
134 182
339 197
16 476
352 312
171 126
249 103
172 499
384 366
422 256
409 264
388 246
408 327
270 368
422 264
66 346
365 195
209 132
144 269
289 110
36 492
296 480
320 274
173 32
378 361
282 368
345 326
366 286
385 1
451 136
67 487
192 436
401 122
186 415
223 210
185 153
206 58
425 16
38 225
330 50
222 348
313 240
225 463
406 324
28 461
244 484
461 260
207 96
41 35
45 55
69 455
94 108
154 115
294 168
491 479
0 64
437 7
433 346
334 33
380 184
425 458
93 301
309 203
355 401
220 53
148 408
357 421
401 476
406 194
464 203
318 452
278 448
143 191
385 37
387 312
86 243
93 362
202 73
482 236
418 305
448 470
341 317
195 330
45 115
385 394
429 492
368 166
139 437
26 463
40 19
139 418
456 154
158 232
323 7
431 53
242 343
171 401
220 76
282 208
498 16
373 290
258 116
83 306
37 263
354 445
75 299
396 203
62 36
278 210
142 394
354 222
15 494
173 389
121 18
366 57
267 263
367 330
344 194
237 239
421 317
169 359
225 120
301 416
134 467
182 188
408 120
148 98
429 214
35 104
315 358
154 312
329 179
425 279
24 387
323 489
112 443
339 396
139 74
280 264
220 354
297 418
216 269
248 129
186 239
201 190
449 255
137 341
193 118
36 273
237 182
220 365
169 54
474 290
476 394
19 191
119 481
292 263
406 490
291 150
318 280
147 221
248 31
450 269
283 101
172 221
495 205
151 485
147 206
124 114
142 314
77 87
94 18
495 103
434 475
174 263
53 28
342 215
355 4
254 268
134 388
110 338
468 204
417 210
28 463
450 210
342 179
308 23
86 358
424 367
450 246
253 441
360 287
4 263
18 184
293 481
241 290
296 316
5 81
35 87
380 119
49 416
363 73
349 469
339 181
485 92
183 133
176 129
435 317
78 341
447 168
350 232
134 206
9 79
69 215
251 281
324 327
133 279
346 163
59 126
202 396
434 23
26 280
198 290
112 88
202 248
36 95
176 466
315 83
353 320
19 463
323 118
189 359
11 117
38 259
9 466
197 324
448 6
433 233
118 177
491 432
366 43
60 29
359 203
409 158
17 137
167 268
195 126
45 484
38 246
172 215
0 36
38 59
424 447
493 399
367 273
212 412
62 131
449 194
146 177
26 48
396 5
78 132
398 438
462 65
69 324
291 114
56 376
413 268
171 133
2 39
62 9
325 23
396 482
236 460
174 157
324 341
125 34
323 72
283 277
119 126
484 205
30 153
24 264
342 361
236 306
55 13
428 394
195 199
142 247
455 279
173 318
151 433
446 479
398 119
441 404
186 192
239 164
342 257
462 377
388 140
347 247
157 234
384 218
445 306
198 125
8 250
187 445
41 23
97 165
398 309
495 262
488 315
495 98
374 379
119 184
466 118
25 335
155 192
291 374
335 129
78 8
24 311
305 492
243 279
417 6
254 335
171 20
220 0
425 323
489 359
186 124
239 63
408 85
301 439
249 318
320 264
374 438
464 421
445 227
187 282
446 22
43 108
497 330
459 470
316 484
44 7
336 164
124 334
110 341
100 416
24 411
247 364
225 294
229 79
168 122
112 473
26 275
396 91
142 57
421 85
374 14
195 356
97 52
421 287
95 166
186 366
189 329
181 317
296 81
172 287
123 242
36 88
288 77
237 172
25 266
473 317
305 159
385 9
396 376
45 154
62 53
293 367
24 33
274 188
490 279
379 59
487 177
350 418
89 322
413 272
422 132
60 410
294 230
193 438
294 91
335 299
310 394
103 260
9 462
236 161
189 204
326 115
283 86
428 438
108 61
291 34
495 403
392 243
2 285
171 438
303 480
354 42
347 337
125 348
187 426
139 57
169 35
293 130
45 215
354 282
336 76
305 168
469 165
372 264
334 343
328 259
425 399
144 221
7 492
349 436
67 369
376 499
239 367
56 260
171 149
489 107
225 286
9 289
342 193
167 242
291 418
232 275
296 256
245 429
495 278
235 96
288 35
46 41
464 427
66 386
196 463
62 53
15 130
495 412
124 210
350 10
451 42
88 199
366 411
305 133
342 18
424 283
342 50
293 98
491 153
75 10
196 358
288 320
417 489
490 408
39 19
446 227
237 13
138 290
68 294
237 242
285 298
326 200
220 254
237 90
29 418
406 336
239 174
472 185
464 57
267 255
273 285
148 244
237 367
44 343
231 101
208 295
148 443
241 114
202 9
167 321
121 160
355 398
225 351
180 474
202 257
230 128
331 485
62 307
142 327
97 33
484 81
249 347
490 281
365 488
385 288
206 381
417 205
354 467
242 205
325 465
25 79
8 213
173 236
229 358
37 61
28 460
29 477
367 415
387 161
231 107
136 268
121 154
247 88
186 270
374 87
186 431
310 133
472 247
91 214
446 96
432 64
25 251
82 34
406 10
335 255
44 281
62 278
189 89
226 314
174 165
376 153
155 57
270 382
0 329
218 58
130 417
90 369
245 93
408 468
38 225
135 71
485 268
142 408
381 33
398 215
62 320
389 207
121 399
241 343
255 377
151 75
355 135
69 173
44 118
498 481
384 200
219 299
344 94
118 399
355 350
249 80
35 470
483 161
310 206
175 391
413 5
485 426
109 255
188 12
123 290
345 162
174 493
297 395
181 487
270 259
425 135
146 90
186 402
62 112
318 35
410 269
130 65
94 453
32 55
485 407
