2
11
15
17
21
25
26
27
38
39
40
44
46
47
49
51
56
60
29
62
66
68
69
70
78
8
84
99
100
105
106
113
117
121
123
127
131
134
137
138
67
142
109
143
144
145
147
148
151
75
152
155
160
170
171
20
173
32
175
176
178
180
167
183
186
187
189
89
192
198
125
202
209
211
212
213
216
220
0
36
95
223
224
225
226
228
229
231
235
237
24
172
182
239
63
82
139
241
242
245
93
248
31
249
250
252
258
261
265
267
270
271
284
292
3
294
217
296
102
297
301
302
303
304
307
308
311
313
240
318
280
319
321
322
325
328
259
329
331
332
333
339
124
174
157
181
234
244
334
340
342
193
257
293
130
310
206
343
344
94
18
345
162
141
326
179
347
337
349
351
352
353
354
48
222
251
282
208
295
348
355
4
350
357
360
362
80
300
363
73
368
156
166
266
370
371
372
373
375
378
381
384
112
197
200
218
365
366
43
45
55
108
286
380
385
1
9
37
61
263
288
77
289
110
320
274
188
12
338
361
386
387
388
74
140
389
207
390
391
392
395
397
398
119
184
215
309
400
401
405
406
10
19
191
324
336
396
409
158
232
275
410
411
414
417
420
422
132
256
264
423
424
219
283
86
101
243
277
367
273
285
298
415
425
135
71
323
72
428
429
30
431
53
28
433
97
33
52
111
233
346
163
383
434
435
436
416
437
7
41
439
440
442
443
444
445
446
22
96
227
447
449
194
450
246
451
42
136
419
452
454
455
456
154
115
196
312
457
458
459
461
462
65
164
453
463
464
57
253
421
287
441
465
466
118
467
469
165
471
169
35
54
76
104
201
190
316
382
472
185
247
88
364
473
474
290
475
478
480
482
236
427
276
460
483
161
221
238
341
317
484
485
92
407
426
486
487
430
149
488
315
83
58
306
358
376
413
5
146
90
177
272
369
489
107
359
203
490
116
281
393
491
153
432
64
269
479
493
399
494
495
98
103
205
254
260
262
268
278
210
291
34
114
150
335
129
255
299
374
14
87
91
214
230
314
377
379
59
79
402
13
403
408
85
120
327
412
418
195
126
199
305
133
159
168
122
279
356
438
448
6
81
468
204
470
477
492
496
497
330
50
498
16
23
128
404
476
394
481
499
